new_id	raw_dataset_id
0	2
1	3
2	4
3	5
4	6
5	7
6	8
7	10
8	11
9	12
10	13
11	14
12	15
13	16
14	17
15	18
16	19
17	20
18	21
19	22
20	23
21	24
22	25
23	26
24	27
25	28
26	29
27	30
28	31
29	32
30	34
31	35
32	36
33	38
34	39
35	40
36	41
37	42
38	43
39	44
40	45
41	46
42	47
43	48
44	49
45	50
46	52
47	53
48	54
49	55
50	57
51	60
52	61
53	62
54	63
55	64
56	65
57	66
58	68
59	69
60	70
61	71
62	72
63	74
64	75
65	76
66	78
67	79
68	81
69	82
70	84
71	86
72	87
73	88
74	89
75	90
76	92
77	93
78	94
79	95
80	96
81	98
82	99
83	100
84	101
85	102
86	103
87	104
88	105
89	107
90	108
91	110
92	111
93	113
94	114
95	116
96	117
97	118
98	119
99	121
100	122
101	125
102	126
103	129
104	131
105	132
106	135
107	137
108	141
109	144
110	145
111	146
112	147
113	148
114	149
115	150
116	151
117	152
118	153
119	154
120	155
121	156
122	157
123	158
124	159
125	160
126	161
127	162
128	163
129	164
130	165
131	166
132	167
133	168
134	169
135	170
136	171
137	172
138	173
139	174
140	175
141	176
142	177
143	178
144	179
145	180
146	181
147	182
148	183
149	184
150	185
151	186
152	187
153	188
154	189
155	190
156	191
157	193
158	194
159	195
160	196
161	197
162	198
163	199
164	200
165	201
166	202
167	203
168	204
169	205
170	206
171	207
172	208
173	209
174	211
175	212
176	213
177	215
178	216
179	217
180	218
181	219
182	220
183	222
184	223
185	224
186	225
187	227
188	228
189	229
190	230
191	231
192	233
193	234
194	235
195	236
196	237
197	238
198	239
199	240
200	241
201	242
202	243
203	244
204	245
205	246
206	247
207	248
208	249
209	250
210	251
211	252
212	253
213	254
214	255
215	256
216	257
217	258
218	259
219	260
220	261
221	263
222	265
223	266
224	267
225	268
226	270
227	271
228	272
229	273
230	274
231	275
232	276
233	277
234	278
235	279
236	280
237	281
238	282
239	283
240	288
241	289
242	290
243	291
244	292
245	294
246	295
247	296
248	297
249	298
250	299
251	300
252	301
253	303
254	304
255	306
256	307
257	308
258	309
259	310
260	312
261	313
262	314
263	315
264	316
265	317
266	318
267	319
268	320
269	322
270	324
271	325
272	326
273	327
274	328
275	329
276	330
277	331
278	332
279	333
280	334
281	335
282	336
283	337
284	338
285	340
286	341
287	342
288	343
289	344
290	345
291	346
292	347
293	348
294	349
295	350
296	351
297	352
298	353
299	354
300	355
301	356
302	357
303	358
304	359
305	361
306	364
307	365
308	366
309	367
310	368
311	369
312	371
313	372
314	373
315	374
316	375
317	376
318	377
319	378
320	379
321	380
322	381
323	382
324	383
325	384
326	385
327	386
328	387
329	388
330	390
331	391
332	392
333	393
334	394
335	405
336	407
337	408
338	409
339	410
340	411
341	412
342	413
343	414
344	415
345	416
346	417
347	418
348	419
349	420
350	421
351	422
352	423
353	424
354	425
355	426
356	427
357	428
358	429
359	431
360	432
361	433
362	434
363	435
364	436
365	438
366	440
367	442
368	443
369	444
370	445
371	446
372	447
373	448
374	449
375	450
376	451
377	452
378	453
379	454
380	455
381	456
382	457
383	458
384	459
385	460
386	461
387	462
388	463
389	464
390	465
391	466
392	467
393	468
394	469
395	470
396	471
397	472
398	473
399	474
400	476
401	477
402	478
403	479
404	480
405	481
406	482
407	483
408	484
409	485
410	486
411	487
412	488
413	489
414	490
415	491
416	492
417	493
418	494
419	495
420	496
421	497
422	498
423	499
424	500
425	501
426	502
427	503
428	504
429	505
430	506
431	507
432	508
433	509
434	510
435	511
436	513
437	514
438	515
439	516
440	517
441	518
442	519
443	520
444	521
445	522
446	523
447	524
448	525
449	527
450	528
451	529
452	531
453	532
454	533
455	535
456	536
457	537
458	538
459	539
460	540
461	541
462	542
463	543
464	544
465	546
466	547
467	548
468	549
469	550
470	551
471	552
472	554
473	555
474	556
475	558
476	559
477	562
478	563
479	564
480	565
481	566
482	567
483	568
484	569
485	574
486	575
487	577
488	580
489	581
490	583
491	585
492	586
493	587
494	588
495	589
496	590
497	592
498	593
499	594
500	595
501	596
502	597
503	599
504	600
505	602
506	603
507	605
508	606
509	609
510	610
511	611
512	612
513	613
514	614
515	615
516	616
517	618
518	621
519	626
520	627
521	628
522	630
523	631
524	633
525	635
526	637
527	638
528	639
529	640
530	645
531	647
532	648
533	650
534	653
535	656
536	659
537	661
538	662
539	663
540	664
541	665
542	667
543	668
544	669
545	671
546	673
547	674
548	680
549	685
550	688
551	691
552	692
553	694
554	695
555	697
556	698
557	700
558	702
559	704
560	707
561	708
562	709
563	710
564	711
565	714
566	716
567	718
568	719
569	720
570	724
571	725
572	728
573	731
574	732
575	733
576	736
577	737
578	742
579	743
580	745
581	746
582	747
583	748
584	750
585	751
586	753
587	754
588	755
589	759
590	760
591	761
592	762
593	764
594	765
595	766
596	767
597	778
598	779
599	781
600	782
601	783
602	784
603	785
604	786
605	788
606	798
607	799
608	800
609	801
610	802
611	803
612	804
613	805
614	806
615	808
616	809
617	810
618	811
619	813
620	815
621	818
622	824
623	828
624	829
625	830
626	831
627	832
628	833
629	835
630	836
631	837
632	838
633	839
634	840
635	841
636	842
637	846
638	848
639	849
640	850
641	851
642	852
643	858
644	860
645	861
646	862
647	864
648	867
649	869
650	870
651	875
652	877
653	879
654	880
655	881
656	882
657	885
658	886
659	888
660	891
661	892
662	893
663	896
664	897
665	898
666	899
667	900
668	901
669	902
670	903
671	904
672	905
673	907
674	908
675	909
676	910
677	912
678	913
679	914
680	915
681	916
682	918
683	919
684	920
685	921
686	923
687	924
688	925
689	926
690	927
691	928
692	929
693	930
694	931
695	932
696	933
697	934
698	935
699	936
700	937
701	938
702	939
703	940
704	942
705	943
706	944
707	945
708	948
709	949
710	950
711	952
712	953
713	954
714	955
715	957
716	967
717	968
718	969
719	971
720	980
721	982
722	984
723	986
724	987
725	988
726	990
727	991
728	992
729	993
730	994
731	996
732	997
733	998
734	999
735	1000
736	1002
737	1003
738	1004
739	1005
740	1006
741	1007
742	1008
743	1009
744	1010
745	1011
746	1012
747	1013
748	1015
749	1016
750	1017
751	1018
752	1020
753	1021
754	1022
755	1023
756	1024
757	1025
758	1026
759	1027
760	1028
761	1029
762	1030
763	1031
764	1032
765	1033
766	1034
767	1035
768	1036
769	1037
770	1038
771	1040
772	1041
773	1042
774	1043
775	1044
776	1046
777	1047
778	1049
779	1050
780	1051
781	1053
782	1054
783	1055
784	1056
785	1057
786	1060
787	1061
788	1063
789	1064
790	1066
791	1067
792	1068
793	1069
794	1071
795	1076
796	1077
797	1078
798	1079
799	1080
800	1081
801	1082
802	1083
803	1084
804	1085
805	1086
806	1087
807	1088
808	1089
809	1090
810	1091
811	1092
812	1093
813	1094
814	1095
815	1096
816	1097
817	1099
818	1100
819	1101
820	1103
821	1104
822	1105
823	1111
824	1112
825	1113
826	1114
827	1119
828	1120
829	1121
830	1124
831	1125
832	1126
833	1127
834	1128
835	1129
836	1130
837	1131
838	1132
839	1135
840	1136
841	1147
842	1148
843	1151
844	1153
845	1160
846	1162
847	1163
848	1164
849	1167
850	1168
851	1169
852	1170
853	1171
854	1172
855	1173
856	1174
857	1175
858	1177
859	1178
860	1179
861	1181
862	1183
863	1184
864	1185
865	1186
866	1187
867	1188
868	1189
869	1190
870	1191
871	1192
872	1193
873	1194
874	1196
875	1197
876	1198
877	1199
878	1200
879	1201
880	1202
881	1203
882	1204
883	1205
884	1206
885	1207
886	1208
887	1209
888	1210
889	1212
890	1213
891	1214
892	1215
893	1217
894	1219
895	1220
896	1221
897	1222
898	1223
899	1224
900	1225
901	1226
902	1227
903	1228
904	1230
905	1231
906	1232
907	1234
908	1235
909	1236
910	1238
911	1240
912	1241
913	1242
914	1244
915	1245
916	1246
917	1247
918	1248
919	1250
920	1252
921	1253
922	1254
923	1255
924	1256
925	1257
926	1258
927	1259
928	1261
929	1262
930	1263
931	1264
932	1265
933	1266
934	1267
935	1268
936	1269
937	1270
938	1271
939	1272
940	1273
941	1274
942	1275
943	1276
944	1278
945	1279
946	1280
947	1281
948	1282
949	1283
950	1284
951	1285
952	1286
953	1287
954	1288
955	1289
956	1290
957	1291
958	1292
959	1293
960	1294
961	1295
962	1296
963	1297
964	1299
965	1300
966	1301
967	1302
968	1303
969	1304
970	1305
971	1306
972	1307
973	1310
974	1311
975	1313
976	1317
977	1321
978	1322
979	1323
980	1324
981	1325
982	1326
983	1327
984	1328
985	1329
986	1330
987	1331
988	1332
989	1333
990	1334
991	1335
992	1336
993	1337
994	1339
995	1340
996	1341
997	1342
998	1343
999	1344
1000	1345
1001	1346
1002	1347
1003	1348
1004	1350
1005	1351
1006	1352
1007	1353
1008	1354
1009	1355
1010	1356
1011	1357
1012	1358
1013	1359
1014	1361
1015	1363
1016	1365
1017	1366
1018	1367
1019	1370
1020	1371
1021	1372
1022	1373
1023	1374
1024	1375
1025	1376
1026	1377
1027	1378
1028	1379
1029	1380
1030	1381
1031	1382
1032	1383
1033	1385
1034	1387
1035	1388
1036	1389
1037	1390
1038	1391
1039	1392
1040	1393
1041	1394
1042	1395
1043	1397
1044	1398
1045	1399
1046	1401
1047	1404
1048	1405
1049	1407
1050	1408
1051	1409
1052	1410
1053	1411
1054	1412
1055	1413
1056	1414
1057	1416
1058	1417
1059	1419
1060	1420
1061	1421
1062	1422
1063	1423
1064	1425
1065	1426
1066	1427
1067	1428
1068	1431
1069	1432
1070	1433
1071	1437
1072	1438
1073	1439
1074	1440
1075	1441
1076	1442
1077	1445
1078	1446
1079	1447
1080	1449
1081	1453
1082	1454
1083	1455
1084	1456
1085	1457
1086	1458
1087	1459
1088	1460
1089	1461
1090	1463
1091	1464
1092	1465
1093	1466
1094	1468
1095	1471
1096	1472
1097	1473
1098	1475
1099	1476
1100	1477
1101	1479
1102	1480
1103	1482
1104	1483
1105	1484
1106	1485
1107	1486
1108	1487
1109	1488
1110	1489
1111	1490
1112	1493
1113	1494
1114	1495
1115	1496
1116	1497
1117	1498
1118	1499
1119	1500
1120	1501
1121	1502
1122	1503
1123	1504
1124	1507
1125	1508
1126	1509
1127	1511
1128	1513
1129	1515
1130	1516
1131	1517
1132	1518
1133	1519
1134	1520
1135	1522
1136	1523
1137	1525
1138	1526
1139	1527
1140	1529
1141	1535
1142	1538
1143	1539
1144	1541
1145	1542
1146	1543
1147	1544
1148	1545
1149	1546
1150	1547
1151	1550
1152	1551
1153	1552
1154	1554
1155	1556
1156	1562
1157	1563
1158	1564
1159	1565
1160	1566
1161	1567
1162	1569
1163	1570
1164	1573
1165	1574
1166	1575
1167	1580
1168	1581
1169	1582
1170	1583
1171	1584
1172	1585
1173	1586
1174	1587
1175	1588
1176	1589
1177	1590
1178	1591
1179	1592
1180	1593
1181	1594
1182	1595
1183	1596
1184	1597
1185	1598
1186	1599
1187	1600
1188	1601
1189	1602
1190	1603
1191	1604
1192	1605
1193	1606
1194	1608
1195	1609
1196	1610
1197	1611
1198	1612
1199	1613
1200	1616
1201	1617
1202	1619
1203	1620
1204	1621
1205	1623
1206	1624
1207	1625
1208	1626
1209	1627
1210	1629
1211	1631
1212	1632
1213	1633
1214	1635
1215	1636
1216	1639
1217	1640
1218	1641
1219	1643
1220	1644
1221	1645
1222	1646
1223	1647
1224	1648
1225	1649
1226	1650
1227	1651
1228	1653
1229	1654
1230	1655
1231	1656
1232	1657
1233	1658
1234	1659
1235	1660
1236	1661
1237	1662
1238	1663
1239	1665
1240	1666
1241	1667
1242	1668
1243	1669
1244	1670
1245	1671
1246	1672
1247	1673
1248	1674
1249	1675
1250	1676
1251	1677
1252	1678
1253	1679
1254	1680
1255	1681
1256	1682
1257	1683
1258	1685
1259	1686
1260	1687
1261	1688
1262	1689
1263	1690
1264	1693
1265	1694
1266	1695
1267	1696
1268	1701
1269	1702
1270	1703
1271	1704
1272	1707
1273	1711
1274	1713
1275	1715
1276	1717
1277	1718
1278	1719
1279	1721
1280	1722
1281	1726
1282	1727
1283	1728
1284	1729
1285	1730
1286	1731
1287	1732
1288	1733
1289	1734
1290	1735
1291	1739
1292	1744
1293	1746
1294	1747
1295	1748
1296	1749
1297	1750
1298	1752
1299	1753
1300	1754
1301	1755
1302	1756
1303	1758
1304	1759
1305	1760
1306	1762
1307	1767
1308	1769
1309	1770
1310	1771
1311	1772
1312	1777
1313	1779
1314	1780
1315	1782
1316	1783
1317	1784
1318	1785
1319	1788
1320	1791
1321	1792
1322	1793
1323	1794
1324	1797
1325	1798
1326	1799
1327	1801
1328	1804
1329	1805
1330	1806
1331	1807
1332	1809
1333	1810
1334	1811
1335	1812
1336	1814
1337	1816
1338	1817
1339	1821
1340	1822
1341	1824
1342	1826
1343	1827
1344	1829
1345	1831
1346	1833
1347	1834
1348	1835
1349	1836
1350	1837
1351	1839
1352	1840
1353	1841
1354	1844
1355	1845
1356	1846
1357	1849
1358	1850
1359	1853
1360	1854
1361	1855
1362	1856
1363	1857
1364	1858
1365	1859
1366	1860
1367	1862
1368	1863
1369	1864
1370	1865
1371	1867
1372	1869
1373	1870
1374	1872
1375	1874
1376	1875
1377	1876
1378	1878
1379	1879
1380	1880
1381	1881
1382	1882
1383	1883
1384	1884
1385	1885
1386	1887
1387	1888
1388	1889
1389	1891
1390	1892
1391	1893
1392	1894
1393	1895
1394	1896
1395	1897
1396	1899
1397	1901
1398	1902
1399	1903
1400	1904
1401	1906
1402	1909
1403	1910
1404	1911
1405	1912
1406	1913
1407	1914
1408	1916
1409	1917
1410	1918
1411	1919
1412	1920
1413	1921
1414	1922
1415	1923
1416	1925
1417	1926
1418	1927
1419	1928
1420	1929
1421	1930
1422	1931
1423	1932
1424	1934
1425	1935
1426	1936
1427	1937
1428	1938
1429	1939
1430	1940
1431	1941
1432	1942
1433	1943
1434	1944
1435	1946
1436	1947
1437	1948
1438	1949
1439	1950
1440	1951
1441	1952
1442	1953
1443	1954
1444	1955
1445	1956
1446	1957
1447	1958
1448	1959
1449	1960
1450	1961
1451	1963
1452	1964
1453	1965
1454	1966
1455	1967
1456	1968
1457	1969
1458	1970
1459	1971
1460	1972
1461	1973
1462	1974
1463	1975
1464	1976
1465	1977
1466	1978
1467	1979
1468	1980
1469	1981
1470	1982
1471	1983
1472	1984
1473	1985
1474	1986
1475	1987
1476	1988
1477	1989
1478	1990
1479	1991
1480	1992
1481	1993
1482	1994
1483	1995
1484	1996
1485	1997
1486	1998
1487	1999
1488	2000
1489	2001
1490	2002
1491	2003
1492	2004
1493	2005
1494	2006
1495	2007
1496	2009
1497	2010
1498	2011
1499	2012
1500	2013
1501	2014
1502	2015
1503	2016
1504	2017
1505	2018
1506	2020
1507	2021
1508	2022
1509	2023
1510	2024
1511	2025
1512	2026
1513	2027
1514	2028
1515	2029
1516	2031
1517	2032
1518	2033
1519	2034
1520	2035
1521	2036
1522	2037
1523	2038
1524	2040
1525	2041
1526	2042
1527	2043
1528	2044
1529	2045
1530	2046
1531	2047
1532	2048
1533	2049
1534	2050
1535	2051
1536	2052
1537	2053
1538	2054
1539	2055
1540	2056
1541	2057
1542	2058
1543	2059
1544	2060
1545	2061
1546	2062
1547	2064
1548	2065
1549	2066
1550	2067
1551	2068
1552	2069
1553	2070
1554	2071
1555	2072
1556	2073
1557	2075
1558	2076
1559	2077
1560	2078
1561	2079
1562	2080
1563	2081
1564	2082
1565	2083
1566	2084
1567	2085
1568	2086
1569	2087
1570	2088
1571	2089
1572	2090
1573	2091
1574	2092
1575	2093
1576	2094
1577	2095
1578	2096
1579	2097
1580	2098
1581	2099
1582	2100
1583	2101
1584	2103
1585	2104
1586	2105
1587	2106
1588	2107
1589	2108
1590	2109
1591	2110
1592	2111
1593	2112
1594	2113
1595	2114
1596	2115
1597	2116
1598	2117
1599	2118
1600	2119
1601	2120
1602	2121
1603	2122
1604	2123
1605	2124
1606	2125
1607	2126
1608	2128
1609	2129
1610	2130
1611	2132
1612	2133
1613	2134
1614	2135
1615	2136
1616	2137
1617	2138
1618	2139
1619	2140
1620	2141
1621	2142
1622	2143
1623	2144
1624	2145
1625	2146
1626	2147
1627	2148
1628	2149
1629	2150
1630	2151
1631	2152
1632	2153
1633	2154
1634	2155
1635	2157
1636	2158
1637	2159
1638	2160
1639	2161
1640	2162
1641	2163
1642	2164
1643	2166
1644	2167
1645	2168
1646	2169
1647	2170
1648	2171
1649	2173
1650	2174
1651	2176
1652	2177
1653	2178
1654	2179
1655	2180
1656	2181
1657	2182
1658	2183
1659	2184
1660	2185
1661	2186
1662	2187
1663	2188
1664	2189
1665	2190
1666	2191
1667	2193
1668	2194
1669	2195
1670	2196
1671	2197
1672	2201
1673	2202
1674	2203
1675	2204
1676	2205
1677	2211
1678	2212
1679	2215
1680	2219
1681	2221
1682	2227
1683	2232
1684	2233
1685	2234
1686	2236
1687	2237
1688	2238
1689	2240
1690	2241
1691	2242
1692	2243
1693	2244
1694	2245
1695	2247
1696	2248
1697	2249
1698	2250
1699	2252
1700	2253
1701	2255
1702	2256
1703	2257
1704	2259
1705	2260
1706	2261
1707	2262
1708	2263
1709	2264
1710	2265
1711	2266
1712	2267
1713	2268
1714	2269
1715	2271
1716	2272
1717	2273
1718	2275
1719	2276
1720	2278
1721	2279
1722	2280
1723	2281
1724	2282
1725	2283
1726	2284
1727	2286
1728	2287
1729	2288
1730	2289
1731	2290
1732	2291
1733	2292
1734	2293
1735	2294
1736	2295
1737	2296
1738	2297
1739	2298
1740	2300
1741	2301
1742	2302
1743	2303
1744	2304
1745	2305
1746	2306
1747	2307
1748	2310
1749	2311
1750	2312
1751	2313
1752	2314
1753	2315
1754	2316
1755	2317
1756	2318
1757	2320
1758	2321
1759	2322
1760	2323
1761	2325
1762	2326
1763	2327
1764	2328
1765	2329
1766	2330
1767	2331
1768	2332
1769	2333
1770	2334
1771	2335
1772	2336
1773	2337
1774	2338
1775	2339
1776	2340
1777	2341
1778	2342
1779	2344
1780	2345
1781	2346
1782	2347
1783	2348
1784	2349
1785	2350
1786	2351
1787	2352
1788	2353
1789	2354
1790	2355
1791	2356
1792	2357
1793	2359
1794	2361
1795	2362
1796	2363
1797	2364
1798	2366
1799	2367
1800	2368
1801	2369
1802	2370
1803	2371
1804	2372
1805	2373
1806	2375
1807	2376
1808	2377
1809	2378
1810	2379
1811	2380
1812	2381
1813	2382
1814	2383
1815	2384
1816	2385
1817	2387
1818	2389
1819	2390
1820	2391
1821	2392
1822	2393
1823	2394
1824	2395
1825	2396
1826	2397
1827	2398
1828	2399
1829	2400
1830	2401
1831	2402
1832	2403
1833	2404
1834	2405
1835	2406
1836	2407
1837	2408
1838	2409
1839	2410
1840	2411
1841	2412
1842	2413
1843	2414
1844	2415
1845	2416
1846	2417
1847	2418
1848	2419
1849	2420
1850	2421
1851	2422
1852	2423
1853	2424
1854	2425
1855	2426
1856	2427
1857	2428
1858	2429
1859	2430
1860	2431
1861	2432
1862	2433
1863	2434
1864	2435
1865	2436
1866	2437
1867	2439
1868	2440
1869	2441
1870	2442
1871	2443
1872	2444
1873	2445
1874	2446
1875	2447
1876	2448
1877	2449
1878	2450
1879	2451
1880	2452
1881	2453
1882	2454
1883	2455
1884	2456
1885	2457
1886	2458
1887	2459
1888	2460
1889	2461
1890	2462
1891	2463
1892	2464
1893	2465
1894	2466
1895	2467
1896	2468
1897	2469
1898	2470
1899	2471
1900	2472
1901	2474
1902	2475
1903	2476
1904	2477
1905	2479
1906	2481
1907	2482
1908	2485
1909	2486
1910	2487
1911	2488
1912	2490
1913	2491
1914	2492
1915	2494
1916	2496
1917	2497
1918	2498
1919	2500
1920	2501
1921	2502
1922	2504
1923	2505
1924	2506
1925	2507
1926	2509
1927	2511
1928	2513
1929	2514
1930	2515
1931	2516
1932	2517
1933	2518
1934	2520
1935	2521
1936	2522
1937	2523
1938	2524
1939	2525
1940	2526
1941	2527
1942	2528
1943	2529
1944	2530
1945	2531
1946	2532
1947	2533
1948	2534
1949	2535
1950	2536
1951	2537
1952	2538
1953	2539
1954	2540
1955	2541
1956	2542
1957	2545
1958	2546
1959	2548
1960	2549
1961	2550
1962	2551
1963	2552
1964	2553
1965	2554
1966	2555
1967	2558
1968	2559
1969	2560
1970	2561
1971	2562
1972	2565
1973	2566
1974	2567
1975	2568
1976	2569
1977	2570
1978	2571
1979	2572
1980	2573
1981	2574
1982	2579
1983	2580
1984	2581
1985	2583
1986	2586
1987	2587
1988	2589
1989	2590
1990	2594
1991	2596
1992	2597
1993	2598
1994	2599
1995	2600
1996	2605
1997	2606
1998	2607
1999	2610
2000	2611
2001	2612
2002	2613
2003	2615
2004	2616
2005	2617
2006	2618
2007	2620
2008	2622
2009	2624
2010	2626
2011	2627
2012	2628
2013	2629
2014	2631
2015	2633
2016	2634
2017	2635
2018	2636
2019	2638
2020	2639
2021	2640
2022	2641
2023	2642
2024	2643
2025	2644
2026	2645
2027	2646
2028	2647
2029	2648
2030	2649
2031	2650
2032	2651
2033	2652
2034	2653
2035	2654
2036	2656
2037	2657
2038	2658
2039	2659
2040	2660
2041	2661
2042	2662
2043	2663
2044	2664
2045	2665
2046	2666
2047	2667
2048	2668
2049	2669
2050	2670
2051	2671
2052	2672
2053	2674
2054	2676
2055	2677
2056	2678
2057	2679
2058	2681
2059	2682
2060	2683
2061	2687
2062	2688
2063	2689
2064	2690
2065	2691
2066	2692
2067	2693
2068	2694
2069	2695
2070	2697
2071	2699
2072	2701
2073	2702
2074	2704
2075	2706
2076	2707
2077	2709
2078	2710
2079	2711
2080	2712
2081	2713
2082	2714
2083	2715
2084	2716
2085	2717
2086	2718
2087	2719
2088	2720
2089	2721
2090	2723
2091	2724
2092	2725
2093	2726
2094	2727
2095	2728
2096	2729
2097	2730
2098	2732
2099	2733
2100	2734
2101	2735
2102	2737
2103	2738
2104	2739
2105	2740
2106	2741
2107	2743
2108	2744
2109	2745
2110	2749
2111	2750
2112	2751
2113	2752
2114	2753
2115	2755
2116	2757
2117	2758
2118	2759
2119	2761
2120	2762
2121	2763
2122	2764
2123	2765
2124	2766
2125	2767
2126	2768
2127	2769
2128	2770
2129	2771
2130	2772
2131	2773
2132	2774
2133	2775
2134	2777
2135	2778
2136	2779
2137	2780
2138	2781
2139	2782
2140	2783
2141	2785
2142	2786
2143	2787
2144	2788
2145	2789
2146	2791
2147	2792
2148	2793
2149	2794
2150	2795
2151	2796
2152	2798
2153	2799
2154	2800
2155	2802
2156	2803
2157	2804
2158	2805
2159	2806
2160	2807
2161	2808
2162	2809
2163	2810
2164	2812
2165	2813
2166	2814
2167	2815
2168	2816
2169	2817
2170	2818
2171	2819
2172	2820
2173	2824
2174	2826
2175	2827
2176	2828
2177	2829
2178	2831
2179	2833
2180	2834
2181	2835
2182	2836
2183	2837
2184	2840
2185	2841
2186	2842
2187	2844
2188	2846
2189	2847
2190	2848
2191	2849
2192	2850
2193	2851
2194	2852
2195	2854
2196	2855
2197	2856
2198	2857
2199	2858
2200	2859
2201	2861
2202	2862
2203	2863
2204	2864
2205	2865
2206	2866
2207	2868
2208	2870
2209	2871
2210	2872
2211	2873
2212	2874
2213	2875
2214	2876
2215	2877
2216	2878
2217	2881
2218	2882
2219	2883
2220	2884
2221	2886
2222	2888
2223	2889
2224	2890
2225	2891
2226	2892
2227	2893
2228	2894
2229	2896
2230	2898
2231	2900
2232	2901
2233	2902
2234	2903
2235	2904
2236	2905
2237	2906
2238	2907
2239	2908
2240	2912
2241	2913
2242	2914
2243	2915
2244	2916
2245	2917
2246	2918
2247	2919
2248	2920
2249	2921
2250	2922
2251	2925
2252	2926
2253	2927
2254	2928
2255	2929
2256	2930
2257	2932
2258	2935
2259	2936
2260	2937
2261	2938
2262	2939
2263	2940
2264	2941
2265	2942
2266	2943
2267	2944
2268	2945
2269	2946
2270	2947
2271	2948
2272	2949
2273	2950
2274	2951
2275	2953
2276	2956
2277	2959
2278	2961
2279	2962
2280	2963
2281	2964
2282	2965
2283	2966
2284	2967
2285	2968
2286	2970
2287	2971
2288	2973
2289	2974
2290	2975
2291	2976
2292	2977
2293	2978
2294	2979
2295	2981
2296	2982
2297	2983
2298	2984
2299	2985
2300	2986
2301	2987
2302	2988
2303	2989
2304	2990
2305	2991
2306	2992
2307	2993
2308	2994
2309	2996
2310	2997
2311	3001
2312	3003
2313	3005
2314	3006
2315	3007
2316	3008
2317	3010
2318	3011
2319	3012
2320	3013
2321	3014
2322	3015
2323	3016
2324	3017
2325	3018
2326	3019
2327	3020
2328	3021
2329	3022
2330	3024
2331	3025
2332	3026
2333	3028
2334	3029
2335	3030
2336	3031
2337	3032
2338	3033
2339	3034
2340	3035
2341	3036
2342	3037
2343	3038
2344	3039
2345	3040
2346	3041
2347	3042
2348	3043
2349	3044
2350	3045
2351	3046
2352	3048
2353	3049
2354	3050
2355	3051
2356	3052
2357	3053
2358	3055
2359	3056
2360	3058
2361	3060
2362	3061
2363	3062
2364	3063
2365	3066
2366	3067
2367	3068
2368	3069
2369	3071
2370	3072
2371	3073
2372	3074
2373	3076
2374	3078
2375	3079
2376	3081
2377	3082
2378	3083
2379	3087
2380	3088
2381	3090
2382	3091
2383	3093
2384	3094
2385	3097
2386	3098
2387	3099
2388	3100
2389	3101
2390	3102
2391	3103
2392	3104
2393	3105
2394	3106
2395	3107
2396	3108
2397	3109
2398	3110
2399	3111
2400	3112
2401	3113
2402	3114
2403	3115
2404	3117
2405	3118
2406	3120
2407	3124
2408	3125
2409	3127
2410	3128
2411	3129
2412	3130
2413	3132
2414	3133
2415	3135
2416	3137
2417	3138
2418	3141
2419	3143
2420	3144
2421	3145
2422	3146
2423	3147
2424	3148
2425	3149
2426	3150
2427	3152
2428	3153
2429	3155
2430	3156
2431	3157
2432	3159
2433	3160
2434	3161
2435	3162
2436	3163
2437	3165
2438	3166
2439	3167
2440	3168
2441	3169
2442	3173
2443	3174
2444	3175
2445	3176
2446	3177
2447	3178
2448	3179
2449	3180
2450	3181
2451	3182
2452	3183
2453	3184
2454	3185
2455	3186
2456	3189
2457	3190
2458	3194
2459	3196
2460	3197
2461	3198
2462	3199
2463	3200
2464	3201
2465	3203
2466	3204
2467	3206
2468	3208
2469	3210
2470	3211
2471	3213
2472	3214
2473	3215
2474	3218
2475	3219
2476	3221
2477	3222
2478	3223
2479	3224
2480	3225
2481	3230
2482	3232
2483	3238
2484	3239
2485	3240
2486	3243
2487	3244
2488	3246
2489	3247
2490	3248
2491	3249
2492	3251
2493	3252
2494	3253
2495	3254
2496	3255
2497	3256
2498	3257
2499	3258
2500	3259
2501	3260
2502	3261
2503	3262
2504	3263
2505	3264
2506	3265
2507	3267
2508	3268
2509	3269
2510	3270
2511	3271
2512	3272
2513	3273
2514	3274
2515	3275
2516	3276
2517	3282
2518	3283
2519	3284
2520	3285
2521	3286
2522	3287
2523	3293
2524	3296
2525	3298
2526	3299
2527	3300
2528	3301
2529	3302
2530	3303
2531	3304
2532	3306
2533	3307
2534	3308
2535	3309
2536	3310
2537	3311
2538	3313
2539	3316
2540	3317
2541	3318
2542	3319
2543	3324
2544	3325
2545	3326
2546	3327
2547	3328
2548	3329
2549	3330
2550	3331
2551	3333
2552	3334
2553	3338
2554	3339
2555	3340
2556	3341
2557	3342
2558	3343
2559	3344
2560	3345
2561	3346
2562	3347
2563	3350
2564	3354
2565	3355
2566	3357
2567	3358
2568	3359
2569	3360
2570	3361
2571	3362
2572	3363
2573	3364
2574	3365
2575	3366
2576	3367
2577	3368
2578	3370
2579	3371
2580	3372
2581	3374
2582	3375
2583	3379
2584	3384
2585	3385
2586	3386
2587	3387
2588	3388
2589	3390
2590	3391
2591	3392
2592	3393
2593	3394
2594	3395
2595	3396
2596	3397
2597	3398
2598	3399
2599	3400
2600	3401
2601	3402
2602	3403
2603	3404
2604	3405
2605	3406
2606	3408
2607	3409
2608	3410
2609	3412
2610	3414
2611	3417
2612	3419
2613	3420
2614	3421
2615	3422
2616	3424
2617	3425
2618	3426
2619	3427
2620	3428
2621	3430
2622	3431
2623	3432
2624	3433
2625	3434
2626	3435
2627	3436
2628	3437
2629	3438
2630	3439
2631	3440
2632	3441
2633	3442
2634	3443
2635	3444
2636	3445
2637	3446
2638	3447
2639	3448
2640	3449
2641	3450
2642	3451
2643	3452
2644	3453
2645	3454
2646	3457
2647	3459
2648	3461
2649	3462
2650	3463
2651	3464
2652	3465
2653	3466
2654	3467
2655	3468
2656	3469
2657	3470
2658	3471
2659	3473
2660	3475
2661	3476
2662	3477
2663	3478
2664	3479
2665	3480
2666	3481
2667	3483
2668	3484
2669	3486
2670	3487
2671	3488
2672	3489
2673	3490
2674	3491
2675	3492
2676	3494
2677	3495
2678	3496
2679	3497
2680	3498
2681	3499
2682	3500
2683	3501
2684	3502
2685	3504
2686	3505
2687	3506
2688	3507
2689	3508
2690	3509
2691	3510
2692	3511
2693	3512
2694	3513
2695	3514
2696	3515
2697	3516
2698	3518
2699	3519
2700	3520
2701	3524
2702	3525
2703	3526
2704	3527
2705	3528
2706	3529
2707	3531
2708	3534
2709	3535
2710	3536
2711	3537
2712	3539
2713	3540
2714	3543
2715	3544
2716	3545
2717	3547
2718	3548
2719	3549
2720	3550
2721	3551
2722	3552
2723	3553
2724	3555
2725	3556
2726	3557
2727	3559
2728	3562
2729	3563
2730	3564
2731	3565
2732	3566
2733	3567
2734	3570
2735	3571
2736	3572
2737	3573
2738	3576
2739	3578
2740	3579
2741	3580
2742	3581
2743	3584
2744	3585
2745	3586
2746	3587
2747	3588
2748	3590
2749	3591
2750	3593
2751	3594
2752	3596
2753	3597
2754	3598
2755	3599
2756	3600
2757	3602
2758	3604
2759	3605
2760	3606
2761	3608
2762	3610
2763	3611
2764	3612
2765	3613
2766	3614
2767	3615
2768	3616
2769	3617
2770	3618
2771	3619
2772	3620
2773	3622
2774	3623
2775	3624
2776	3625
2777	3628
2778	3632
2779	3633
2780	3634
2781	3635
2782	3636
2783	3638
2784	3639
2785	3640
2786	3641
2787	3643
2788	3644
2789	3646
2790	3648
2791	3649
2792	3653
2793	3654
2794	3657
2795	3658
2796	3660
2797	3661
2798	3662
2799	3663
2800	3664
2801	3665
2802	3667
2803	3668
2804	3669
2805	3670
2806	3671
2807	3672
2808	3673
2809	3674
2810	3675
2811	3676
2812	3677
2813	3678
2814	3679
2815	3680
2816	3681
2817	3682
2818	3683
2819	3684
2820	3685
2821	3686
2822	3688
2823	3689
2824	3690
2825	3691
2826	3692
2827	3693
2828	3694
2829	3695
2830	3696
2831	3697
2832	3698
2833	3699
2834	3701
2835	3702
2836	3704
2837	3705
2838	3706
2839	3708
2840	3709
2841	3710
2842	3711
2843	3712
2844	3713
2845	3714
2846	3715
2847	3716
2848	3717
2849	3718
2850	3719
2851	3720
2852	3721
2853	3723
2854	3724
2855	3725
2856	3726
2857	3728
2858	3729
2859	3730
2860	3731
2861	3732
2862	3733
2863	3734
2864	3735
2865	3737
2866	3738
2867	3739
2868	3740
2869	3741
2870	3743
2871	3744
2872	3745
2873	3747
2874	3751
2875	3753
2876	3754
2877	3755
2878	3756
2879	3757
2880	3758
2881	3759
2882	3760
2883	3763
2884	3765
2885	3766
2886	3767
2887	3768
2888	3769
2889	3770
2890	3771
2891	3773
2892	3774
2893	3775
2894	3776
2895	3777
2896	3778
2897	3781
2898	3782
2899	3783
2900	3784
2901	3785
2902	3786
2903	3788
2904	3789
2905	3790
2906	3791
2907	3792
2908	3793
2909	3794
2910	3795
2911	3798
2912	3801
2913	3802
2914	3803
2915	3804
2916	3805
2917	3806
2918	3807
2919	3808
2920	3809
2921	3810
2922	3811
2923	3812
2924	3813
2925	3814
2926	3819
2927	3820
2928	3821
2929	3823
2930	3824
2931	3825
2932	3826
2933	3827
2934	3830
2935	3831
2936	3834
2937	3835
2938	3836
2939	3837
2940	3838
2941	3839
2942	3840
2943	3841
2944	3843
2945	3844
2946	3845
2947	3846
2948	3847
2949	3848
2950	3849
2951	3851
2952	3852
2953	3853
2954	3857
2955	3858
2956	3859
2957	3860
2958	3861
2959	3862
2960	3863
2961	3865
2962	3866
2963	3868
2964	3871
2965	3872
2966	3873
2967	3874
2968	3875
2969	3877
2970	3878
2971	3879
2972	3882
2973	3883
2974	3884
2975	3885
2976	3886
2977	3889
2978	3891
2979	3893
2980	3894
2981	3895
2982	3896
2983	3897
2984	3898
2985	3900
2986	3901
2987	3903
2988	3905
2989	3908
2990	3909
2991	3910
2992	3911
2993	3912
2994	3913
2995	3914
2996	3915
2997	3916
2998	3917
2999	3918
3000	3919
3001	3920
3002	3921
3003	3922
3004	3923
3005	3924
3006	3925
3007	3926
3008	3927
3009	3928
3010	3929
3011	3930
3012	3932
3013	3934
3014	3936
3015	3937
3016	3938
3017	3939
3018	3940
3019	3941
3020	3942
3021	3943
3022	3944
3023	3945
3024	3946
3025	3947
3026	3948
3027	3949
3028	3950
3029	3951
